=== Vivaldi Antenna Sweep / 20dB incident attenuator / normal cable ===
Points: 256
freq_hz,gain_dB,phase_deg
40000000,20.9748,85.2308
42000000,20.9019,90.9423
44000000,20.9748,97.2885
46000000,21.0477,103.2116
48000000,21.1207,109.5577
50000000,21.1936,116.1154
52000000,21.1936,122.6731
54000000,21.2666,129.6538
56000000,21.3395,136.4231
58000000,21.3395,143.6154
60000000,21.3395,150.8077
62000000,21.3395,158.0000
64000000,21.4125,165.1923
66000000,21.3395,172.3846
68000000,21.3395,176.8269
70000000,21.3395,171.9615
72000000,21.4125,164.9808
74000000,21.3395,157.7885
76000000,21.3395,150.8077
78000000,21.3395,143.8269
80000000,21.3395,136.8462
82000000,21.3395,130.0769
84000000,21.3395,123.3077
86000000,21.3395,116.7500
88000000,21.4125,110.4039
90000000,21.4125,104.0577
92000000,21.4125,97.7115
94000000,21.4125,91.7885
96000000,21.4854,85.6539
98000000,21.5584,79.9423
100000000,21.5584,74.0192
102000000,21.6313,68.0962
104000000,21.6313,62.5962
106000000,21.7042,57.0962
108000000,21.8501,51.3846
110000000,21.8501,45.8846
112000000,21.9231,40.1731
114000000,21.9231,34.6731
116000000,21.9231,29.1731
118000000,21.9231,23.8846
120000000,21.9960,18.8077
122000000,21.9960,13.3077
124000000,22.0690,8.0192
126000000,22.0690,5.2692
128000000,22.1419,-2.7692
130000000,22.0690,-7.0000
132000000,22.0690,-2.3462
134000000,14.1910,34.8846
136000000,21.9960,8.6538
138000000,21.9960,14.1538
140000000,21.9960,19.6538
142000000,21.9231,25.1538
144000000,21.8501,30.8654
146000000,21.7772,36.3654
148000000,21.7042,41.8654
150000000,21.6313,47.5769
152000000,21.5584,53.2885
154000000,21.4854,59.2115
156000000,21.4125,65.1346
158000000,21.3395,71.4808
160000000,21.1207,77.8269
162000000,20.9748,83.7500
164000000,20.9019,90.0962
166000000,20.7560,96.4423
168000000,20.5371,102.7885
170000000,20.4642,109.1346
172000000,20.3183,115.6923
174000000,20.1724,122.2500
176000000,20.1724,129.2308
178000000,20.0265,136.6346
180000000,19.8806,143.8269
182000000,19.7347,151.0192
184000000,19.6618,158.6346
186000000,19.5889,166.4615
188000000,19.4430,174.0769
190000000,19.3700,175.9808
192000000,19.2971,168.7885
194000000,19.2971,159.9038
196000000,19.1512,150.1731
198000000,19.0053,140.8654
200000000,18.7865,132.1923
202000000,18.8594,121.4039
204000000,18.5676,108.7116
206000000,17.8382,97.0769
208000000,16.8899,87.9808
210000000,16.5981,81.6346
212000000,16.3064,64.5000
214000000,14.1180,51.5962
216000000,12.1485,48.6346
218000000,11.4920,47.1538
220000000,10.3979,36.5769
222000000,8.2825,30.0192
224000000,5.7294,31.7115
226000000,5.3647,43.7692
228000000,4.7082,16.6923
230000000,0.4045,23.2500
232000000,-4.4828,28.1154
234000000,-11.0477,96.4423
236000000,-1.6379,145.5192
238000000,4.4164,144.0385
240000000,8.2095,133.6731
242000000,10.4708,122.4616
244000000,12.0756,112.5192
246000000,13.0239,101.9423
248000000,13.6804,95.5962
250000000,14.6286,88.4039
252000000,15.2851,80.5769
254000000,15.8687,73.1731
256000000,16.2334,66.8269
258000000,16.8899,60.4808
260000000,17.1817,53.2885
262000000,17.4735,46.9423
264000000,17.6923,41.0192
266000000,17.9841,34.8846
268000000,18.1300,28.3269
270000000,18.2029,22.8269
272000000,18.3488,17.5385
274000000,18.4217,12.0385
276000000,18.5676,6.7500
278000000,18.6406,1.0385
280000000,18.7135,-3.6154
282000000,18.9324,-5.3077
284000000,19.1512,-1.7115
286000000,19.1512,5.0577
288000000,19.1512,10.5577
290000000,19.1512,15.8462
292000000,19.1512,21.5577
294000000,19.1512,27.0577
296000000,19.0782,32.5577
298000000,19.0782,38.2692
300000000,19.0053,43.3462
302000000,19.0782,48.8462
304000000,19.0053,48.6346
306000000,19.0053,57.3077
308000000,19.0053,66.1923
310000000,18.9324,72.5385
312000000,18.8594,78.4615
314000000,18.8594,84.5962
316000000,18.7135,91.1539
318000000,18.5676,97.7115
320000000,18.3488,103.2116
322000000,18.2759,108.9231
324000000,18.2759,115.2692
326000000,18.1300,121.6154
328000000,18.0570,127.5385
330000000,17.9111,133.6731
332000000,17.8382,138.9615
334000000,17.9111,144.8846
336000000,17.9841,151.6538
338000000,17.9841,155.0385
340000000,17.9841,165.6154
342000000,17.9111,172.5962
344000000,17.9111,176.4038
346000000,17.8382,172.1731
348000000,17.6923,165.4038
350000000,17.6194,158.8462
352000000,17.4735,151.8654
354000000,17.2546,145.5192
356000000,17.1817,139.8077
358000000,17.1088,134.0962
360000000,17.0358,128.3846
362000000,16.9629,122.8846
364000000,16.8899,117.1731
366000000,16.8170,112.0962
368000000,16.8170,107.0192
370000000,16.8170,101.9423
372000000,16.8170,97.2885
374000000,16.8170,92.8462
376000000,17.0358,88.6154
378000000,17.3276,83.5385
380000000,17.5464,77.6154
382000000,17.6923,71.4808
384000000,17.6923,68.3077
386000000,17.7653,59.4231
388000000,17.8382,53.2885
390000000,17.7653,47.1538
392000000,17.6923,41.4423
394000000,17.6194,36.1538
396000000,17.5464,31.0769
398000000,17.4735,26.4231
400000000,17.4735,21.3462
402000000,17.4735,16.0577
404000000,17.4735,11.4038
406000000,17.4735,6.1154
408000000,17.5464,-0.0192
410000000,17.4735,-4.6731
412000000,17.2546,-4.4615
414000000,17.1088,-0.0192
416000000,16.9629,4.6346
418000000,16.9629,9.5000
420000000,16.9629,14.5769
422000000,16.9629,20.0769
424000000,16.9629,26.2115
426000000,16.8170,32.3462
428000000,16.7440,38.2692
430000000,16.6711,44.8269
432000000,16.5981,52.2308
434000000,16.2334,59.6346
436000000,15.7958,65.7692
438000000,15.5769,70.4231
440000000,15.4310,76.7692
442000000,15.2122,83.7500
444000000,14.9204,90.5192
446000000,14.5557,96.4423
448000000,14.3369,102.3654
450000000,14.1910,108.5000
452000000,14.0451,115.0577
454000000,13.8992,122.2500
456000000,13.6804,129.6538
458000000,13.5345,136.8462
460000000,13.3886,145.3077
462000000,13.0239,153.9808
464000000,12.5133,162.0192
466000000,12.0756,169.2115
468000000,11.7109,174.5000
470000000,11.4920,175.3462
472000000,11.2732,170.0577
474000000,10.9814,162.8654
476000000,10.8355,155.6731
478000000,10.6897,147.4231
480000000,6.9695,104.2692
482000000,9.8143,131.5577
484000000,9.5225,125.2116
486000000,9.2308,119.2885
488000000,9.0119,113.1539
490000000,8.7931,109.7692
492000000,8.5743,100.0385
494000000,8.3554,93.4808
496000000,8.2825,86.9231
498000000,8.0637,79.5192
500000000,7.8448,72.5385
502000000,7.6260,63.8654
504000000,6.8236,54.3462
506000000,5.6565,49.2692
508000000,5.0729,48.4231
510000000,5.0729,45.8846
512000000,5.2188,39.9615
514000000,5.2188,31.2885
516000000,4.8541,21.5577
518000000,4.0517,10.1346
520000000,2.8117,1.2500
522000000,1.6446,-4.0385
524000000,-0.1790,-1.9231
526000000,-2.3674,-0.4423
528000000,-3.0968,-2.9808
530000000,-3.0239,2.0962
532000000,-4.4098,13.3077
534000000,-5.6499,22.8269
536000000,-6.5981,36.5769
538000000,-6.6711,59.6346
540000000,-6.5252,101.7308
542000000,-1.4191,101.3077
544000000,-5.4310,171.1154
546000000,-5.0663,166.4615
548000000,-4.7016,157.3654
550000000,-4.1180,156.5192
--- sweep complete ---